import matplotlib
matplotlib.use("Agg")
import matplotlib.pyplot as plt
import seaborn as sns
import numpy as np
arr = np.asarray([[1.182492735811928e-05, 0.022478891188813785, 0.04494595745026945, 0.06741302371172513, 0.0898800899731808, -0.002247800647146527, 0.003426018368303857, -0.005725586608371962, 0.0005540225894091275, 0.001155071531398274, 0.009781163201786468, 0.0037488026441286626, 0.007322580370282713, 0.007669657536112386, 0.0013705798306356508, -0.009329447024932576, -0.006844016189311971, -0.008252059217824848, -0.001154918701527011, -0.005409987354058022, -0.001328204537019418, 0.004009071098100986, -0.0005476771916752596, 0.0023966276718310883, 0.0018125197972563073], [0.022478891188813785, 85455.26741114011, 170910.51234338904, 256365.757275638, 341821.0022078869, 1886.8748613231612, -1738.5208661094905, 115.01127029195928, 130.78842733355035, 446.484409051428, 2412.37030725254, 2208.9168130920752, 1002.0722020973484, 279.8968485083251, 733.7794227049698, -954.8904573009319, 450.9246840789174, 760.1345705235598, 795.6178885740833, 305.68782334486957, 127.4772172408848, -128.78490441769048, 3003.381061872047, 29.5741643553995, 372.90110087890594], [0.04494595745026945, 170910.51234338904, 341820.9797408206, 512731.44713825214, 683641.9145356837, 3773.751970446969, -3477.045158237349, 230.02826617052588, 261.5763006445119, 892.9676630313248, 4824.730833341879, 4417.829877381508, 2004.137081614326, 559.7860273591151, 1467.5574748301085, -1909.7715851548387, 901.8562121740247, 1520.2773931063382, 1591.2369320668677, 611.3810566770932, 254.95576268630742, -257.5738179064791, 6006.762671421285, 59.14593208312733, 745.8003892380142], [0.06741302371172513, 256365.757275638, 512731.44713825214, 769097.1370008666, 1025462.8268634807, 5660.629079570778, -5215.569450365208, 345.0452620490932, 392.36417395547295, 1339.4509170112215, 7237.091359431218, 6626.7429416709365, 3006.2019611313035, 839.675206209904, 2201.335526955247, -2864.6527130087447, 1352.7877402691317, 2280.420215689116, 2386.855975559652, 917.0742900093167, 382.4343081317285, -386.36273139526793, 9010.144280970524, 88.71769981085511, 1118.6996775971231], [0.0898800899731808, 341821.0022078869, 683641.9145356837, 1025462.8268634807, 1367283.7391912774, 7547.506188694584, -6954.093742493066, 460.0622579276606, 523.1520472664341, 1785.9341709911184, 9649.451885520557, 8835.656005960373, 4008.2668406482817, 1119.564385060693, 2935.1135790803864, -3819.5338408626517, 1803.719268364239, 3040.563038271895, 3182.475019052437, 1222.7675233415405, 509.91285357715105, -515.1516448840565, 12013.525890519762, 118.28946753858281, 1491.5989659562308], [-0.002247800647146527, 1886.8748613231612, 3773.751970446969, 5660.629079570778, 7547.506188694584, 341.56346742511533, -29.878169367557657, -106.96631313870763, 21.568546814060085, 7.547807687171881, 185.82596436169146, 121.433266306194, 3.642013185324923, 68.03233810090505, -88.2305923267036, -26.45820293651742, -19.13388900082287, -80.95511516105134, 66.88050978567236, -9.779899056472617, -225.2649320057758, 20.465416216466398, 35.09098016839111, -0.09870770632215316, 111.4715188020278], [0.003426018368303857, -1738.5208661094905, -3477.045158237349, -5215.569450365208, -6954.093742493066, -29.878169367557657, 109.02997511433308, -25.6801012676733, -9.647991017593787, -21.855599043041522, -148.53074671595544, -14.422434622314972, -22.270870541182305, -47.98250334192512, -30.69372169504636, 53.53841833698977, -21.34354352924463, -11.507121336334524, 14.695331915734705, -11.696768750019313, -54.79994666167761, 0.39574254863851105, -35.47564055239626, -3.6992654140543606, -6.416163622523036], [-0.005725586608371962, 115.01127029195928, 230.02826617052588, 345.0452620490932, 460.0622579276606, -106.96631313870763, -25.6801012676733, 210.75008761011506, -2.5671235634186047, 22.738143447241796, -138.4622588921939, -25.841409965831268, 33.98872225374675, -81.56529222726135, 79.7630018833959, 43.60632381938507, 32.18955116786847, 50.82478086792646, -18.456184332258, 14.546051387067795, 58.659623177849554, -27.737598429847175, 45.39749436695054, 18.557055371599713, 31.626820522018107], [0.0005540225894091275, 130.78842733355035, 261.5763006445119, 392.36417395547295, 523.1520472664341, 21.568546814060085, -9.647991017593787, -2.5671235634186047, 37.253143149300065, 5.376484422559696, 15.120352382352253, -17.27241708791348, -4.9055741685491245, 18.5913668126141, -11.49414294011745, 7.0593464689157015, 2.102116873042169, -3.9263039004590494, -0.33030579575023494, -0.540098254832462, -2.6270747332849935, -1.501625669517395, -19.92118041059501, -0.13354226083207138, 11.050116363527447], [0.001155071531398274, 446.484409051428, 892.9676630313248, 1339.4509170112215, 1785.9341709911184, 7.547807687171881, -21.855599043041522, 22.738143447241796, 5.376484422559696, 17.782881290176164, 13.707816736733609, 15.112014040925859, 18.03014516993702, -0.5737001251795558, 8.959861569390922, -9.080667709180801, 6.061416140725433, 9.243796053764326, 1.6928735916691948, 0.8603449832231612, 2.786188615211166, -2.0508167366761536, 22.298730438654072, 6.747633654321593, 10.94789024947738], [0.009781163201786468, 2412.37030725254, 4824.730833341879, 7237.091359431218, 9649.451885520557, 185.82596436169146, -148.53074671595544, -138.4622588921939, 15.120352382352253, 13.707816736733609, 495.74375860018165, 54.49784154737829, -12.303686385464841, 182.70247446412927, -13.587441654839871, -208.54381117512096, -39.740753816627276, -125.91731296089, -22.004639359890263, -2.7732356668590246, -62.81806426567802, 50.838796723566965, -56.20612454130319, -5.01636838331361, 46.90509306280911], [0.0037488026441286626, 2208.9168130920752, 4417.829877381508, 6626.7429416709365, 8835.656005960373, 121.433266306194, -14.422434622314972, -25.841409965831268, -17.27241708791348, 15.112014040925859, 54.49784154737829, 159.59456334324793, 32.48806558882454, -29.43387882181926, 14.919631678631712, -22.0901598303114, -7.676861154365592, 14.35754141448722, 36.912209141327814, -1.5074170199316905, -69.30730591740738, 5.480358462705426, 144.07351744068296, -4.876451944046524, 30.4759351949738], [0.007322580370282713, 1002.0722020973484, 2004.137081614326, 3006.2019611313035, 4008.2668406482817, 3.642013185324923, -22.270870541182305, 33.98872225374675, -4.9055741685491245, 18.03014516993702, -12.303686385464841, 32.48806558882454, 89.31283857009981, 14.144641679195617, 11.85820623567767, -15.439053525234392, -3.529893216860214, 19.6661384969117, 34.88941891981883, -4.78198885887251, 25.13014724858422, -1.9362320288666897, 77.22757088893611, 5.990112810112247, 14.247755080283898], [0.007669657536112386, 279.8968485083251, 559.7860273591151, 839.675206209904, 1119.564385060693, 68.03233810090505, -47.98250334192512, -81.56529222726135, 18.5913668126141, -0.5737001251795558, 182.70247446412927, -29.43387882181926, 14.144641679195617, 118.80135530924557, -27.54490891629839, -66.36137545153545, -23.68915879742534, -61.09058084751707, 1.275069234518177, -10.11627279871618, 6.1433361278311445, 21.792436772203825, -52.13858334112999, -1.2317565122127123, 9.910819290753118], [0.0013705798306356508, 733.7794227049698, 1467.5574748301085, 2201.335526955247, 2935.1135790803864, -88.2305923267036, -30.69372169504636, 79.7630018833959, -11.49414294011745, 8.959861569390922, -13.587441654839871, 14.919631678631712, 11.85820623567767, -27.54490891629839, 93.32066006395053, 4.524477805370051, 2.7460483161919895, 35.266024713867495, -13.329397313462469, 4.647129104188359, 122.62282230093712, -8.393070866468271, 85.9754103203181, -1.658138020578105, -30.06296988726145], [-0.009329447024932576, -954.8904573009319, -1909.7715851548387, -2864.6527130087447, -3819.5338408626517, -26.45820293651742, 53.53841833698977, 43.60632381938507, 7.0593464689157015, -9.080667709180801, -208.54381117512096, -22.0901598303114, -15.439053525234392, -66.36137545153545, 4.524477805370051, 132.0491245955439, 20.08302137055463, 59.6724086880998, 16.26067820569382, 1.423146907286075, 48.931429984897406, -27.98257626855527, 44.7626488006866, -1.367536692951803, -23.29580089840972], [-0.006844016189311971, 450.9246840789174, 901.8562121740247, 1352.7877402691317, 1803.719268364239, -19.13388900082287, -21.34354352924463, 32.18955116786847, 2.102116873042169, 6.061416140725433, -39.740753816627276, -7.676861154365592, -3.529893216860214, -23.68915879742534, 2.7460483161919895, 20.08302137055463, 45.83203777976293, 39.45659101039733, -17.555162529664482, 8.768859973913253, 5.083154785393795, -11.76562467752127, 13.166058842731275, 3.55722592361824, -5.012789084356675], [-0.008252059217824848, 760.1345705235598, 1520.2773931063382, 2280.420215689116, 3040.563038271895, -80.95511516105134, -11.507121336334524, 50.82478086792646, -3.9263039004590494, 9.243796053764326, -125.91731296089, 14.35754141448722, 19.6661384969117, -61.09058084751707, 35.266024713867495, 59.6724086880998, 39.45659101039733, 107.61853705764075, 9.145258462614045, 14.423603545865085, 105.27702888891282, -26.962389395404873, 94.52519793737501, 1.0212800048396993, -46.73866881097195], [-0.001154918701527011, 795.6178885740833, 1591.2369320668677, 2386.855975559652, 3182.475019052437, 66.88050978567236, 14.695331915734705, -18.456184332258, -0.33030579575023494, 1.6928735916691948, -22.004639359890263, 36.912209141327814, 34.88941891981883, 1.275069234518177, -13.329397313462469, 16.26067820569382, -17.555162529664482, 9.145258462614045, 69.4880975405057, -3.7878860879786957, -16.321028531637108, -0.9792109979007075, 67.1935068566786, -1.1437983617643583, 11.296618814029912], [-0.005409987354058022, 305.68782334486957, 611.3810566770932, 917.0742900093167, 1222.7675233415405, -9.779899056472617, -11.696768750019313, 14.546051387067795, -0.540098254832462, 0.8603449832231612, -2.7732356668590246, -1.5074170199316905, -4.78198885887251, -10.11627279871618, 4.647129104188359, 1.423146907286075, 8.768859973913253, 14.423603545865085, -3.7878860879786957, 15.133540872281046, 9.084994382234695, -13.268668768387133, 1.9198596738895686, 0.39784468153286257, -2.1809075698776215], [-0.001328204537019418, 127.4772172408848, 254.95576268630742, 382.4343081317285, 509.91285357715105, -225.2649320057758, -54.79994666167761, 58.659623177849554, -2.6270747332849935, 2.786188615211166, -62.81806426567802, -69.30730591740738, 25.13014724858422, 6.1433361278311445, 122.62282230093712, 48.931429984897406, 5.083154785393795, 105.27702888891282, -16.321028531637108, 9.084994382234695, 355.10508517525614, -24.96664158552388, 104.23799640764196, -10.92083566187514, -138.30052462033396], [0.004009071098100986, -128.78490441769048, -257.5738179064791, -386.36273139526793, -515.1516448840565, 20.465416216466398, 0.39574254863851105, -27.737598429847175, -1.501625669517395, -2.0508167366761536, 50.838796723566965, 5.480358462705426, -1.9362320288666897, 21.792436772203825, -8.393070866468271, -27.98257626855527, -11.76562467752127, -26.962389395404873, -0.9792109979007075, -13.268668768387133, -24.96664158552388, 31.40354142731796, -17.66035938887947, -10.156050011310759, 7.233726597220732], [-0.0005476771916752596, 3003.381061872047, 6006.762671421285, 9010.144280970524, 12013.525890519762, 35.09098016839111, -35.47564055239626, 45.39749436695054, -19.92118041059501, 22.298730438654072, -56.20612454130319, 144.07351744068296, 77.22757088893611, -52.13858334112999, 85.9754103203181, 44.7626488006866, 13.166058842731275, 94.52519793737501, 67.1935068566786, 1.9198596738895686, 104.23799640764196, -17.66035938887947, 270.6585172369989, -7.663986177677525, -26.097605398090625], [0.0023966276718310883, 29.5741643553995, 59.14593208312733, 88.71769981085511, 118.28946753858281, -0.09870770632215316, -3.6992654140543606, 18.557055371599713, -0.13354226083207138, 6.747633654321593, -5.01636838331361, -4.876451944046524, 5.990112810112247, -1.2317565122127123, -1.658138020578105, -1.367536692951803, 3.55722592361824, 1.0212800048396993, -1.1437983617643583, 0.39784468153286257, -10.92083566187514, -10.156050011310759, -7.663986177677525, 24.602029093850096, 13.854752157324468], [0.0018125197972563073, 372.90110087890594, 745.8003892380142, 1118.6996775971231, 1491.5989659562308, 111.4715188020278, -6.416163622523036, 31.626820522018107, 11.050116363527447, 10.94789024947738, 46.90509306280911, 30.4759351949738, 14.247755080283898, 9.910819290753118, -30.06296988726145, -23.29580089840972, -5.012789084356675, -46.73866881097195, 11.296618814029912, -2.1809075698776215, -138.30052462033396, 7.233726597220732, -26.097605398090625, 13.854752157324468, 92.43873114095189]])
print(np.linalg.pinv(arr, rtol=None)[3, 1])
res = np.linalg.pinv(arr, rtol=None)
fig, ax = plt.subplots()
sns.heatmap(res, cmap='viridis', annot=False, ax=ax)
ax.set_title("pinv output array heatmap")
fig.savefig("pinv_output.png", dpi=300)
